39614081257132168796771975167
79228162514264337593543950334
118842243771396506390315925501
158456325028528675187087900668
198070406285660843983859875835
237684487542793012780631851002
277298568799925181577403826169
316912650057057350374175801336
356526731314189519170947776503
396140812571321687967719751670
435754893828453856764491726837
475368975085586025561263702004
514983056342718194358035677171
554597137599850363154807652338
594211218856982531951579627505
633825300114114700748351602672
673439381371246869545123577839
713053462628379038341895553006
752667543885511207138667528173
792281625142643375935439503340
831895706399775544732211478507
871509787656907713528983453674
911123868914039882325755428841
950737950171172051122527404008
990352031428304219919299379175
1029966112685436388716071354342
1069580193942568557512843329509
1109194275199700726309615304676
1148808356456832895106387279843
1188422437713965063903159255010
1228036518971097232699931230177
1267650600228229401496703205344
