1267650600228229401496703205375
2535301200456458802993406410750
3802951800684688204490109616125
5070602400912917605986812821500
6338253001141147007483516026875
7605903601369376408980219232250
8873554201597605810476922437625
10141204801825835211973625643000
11408855402054064613470328848375
12676506002282294014967032053750
13944156602510523416463735259125
15211807202738752817960438464500
16479457802966982219457141669875
17747108403195211620953844875250
19014759003423441022450548080625
20282409603651670423947251286000
21550060203879899825443954491375
22817710804108129226940657696750
24085361404336358628437360902125
25353012004564588029934064107500
26620662604792817431430767312875
27888313205021046832927470518250
29155963805249276234424173723625
30423614405477505635920876929000
31691265005705735037417580134375
32958915605933964438914283339750
34226566206162193840410986545125
35494216806390423241907689750500
36761867406618652643404392955875
38029518006846882044901096161250
39297168607075111446397799366625
40564819207303340847894502572000
