40564819207303340847894502572031
81129638414606681695789005144062
121694457621910022543683507716093
162259276829213363391578010288124
202824096036516704239472512860155
243388915243820045087367015432186
283953734451123385935261518004217
324518553658426726783156020576248
365083372865730067631050523148279
405648192073033408478945025720310
446213011280336749326839528292341
486777830487640090174734030864372
527342649694943431022628533436403
567907468902246771870523036008434
608472288109550112718417538580465
649037107316853453566312041152496
689601926524156794414206543724527
730166745731460135262101046296558
770731564938763476109995548868589
811296384146066816957890051440620
851861203353370157805784554012651
892426022560673498653679056584682
932990841767976839501573559156713
973555660975280180349468061728744
1014120480182583521197362564300775
1054685299389886862045257066872806
1095250118597190202893151569444837
1135814937804493543741046072016868
1176379757011796884588940574588899
1216944576219100225436835077160930
1257509395426403566284729579732961
1298074214633706907132624082304992
