1298074214633706907132624082305023
2596148429267413814265248164610046
3894222643901120721397872246915069
5192296858534827628530496329220092
6490371073168534535663120411525115
7788445287802241442795744493830138
9086519502435948349928368576135161
10384593717069655257060992658440184
11682667931703362164193616740745207
12980742146337069071326240823050230
14278816360970775978458864905355253
15576890575604482885591488987660276
16874964790238189792724113069965299
18173039004871896699856737152270322
19471113219505603606989361234575345
20769187434139310514121985316880368
22067261648773017421254609399185391
23365335863406724328387233481490414
24663410078040431235519857563795437
25961484292674138142652481646100460
27259558507307845049785105728405483
28557632721941551956917729810710506
29855706936575258864050353893015529
31153781151208965771182977975320552
32451855365842672678315602057625575
33749929580476379585448226139930598
35048003795110086492580850222235621
36346078009743793399713474304540644
37644152224377500306846098386845667
38942226439011207213978722469150690
40240300653644914121111346551455713

