41538374868278621028243970633760767
83076749736557242056487941267521534
124615124604835863084731911901282301
166153499473114484112975882535043068
207691874341393105141219853168803835
249230249209671726169463823802564602
290768624077950347197707794436325369
332306998946228968225951765070086136
373845373814507589254195735703846903
415383748682786210282439706337607670
456922123551064831310683676971368437
498460498419343452338927647605129204
539998873287622073367171618238889971
581537248155900694395415588872650738
623075623024179315423659559506411505
664613997892457936451903530140172272
706152372760736557480147500773933039
747690747629015178508391471407693806
789229122497293799536635442041454573
830767497365572420564879412675215340
872305872233851041593123383308976107
913844247102129662621367353942736874
955382621970408283649611324576497641
996920996838686904677855295210258408
1038459371706965525706099265844019175
1079997746575244146734343236477779942
1121536121443522767762587207111540709
1163074496311801388790831177745301476
1204612871180080009819075148379062243
1246151246048358630847319119012823010
1287689620916637251875563089646583777
1329227995784915872903807060280344544
