1329227995784915872903807060280344575
2658455991569831745807614120560689150
3987683987354747618711421180841033725
5316911983139663491615228241121378300
6646139978924579364519035301401722875
7975367974709495237422842361682067450
9304595970494411110326649421962412025
10633823966279326983230456482242756600
11963051962064242856134263542523101175
13292279957849158729038070602803445750
14621507953634074601941877663083790325
15950735949418990474845684723364134900
17279963945203906347749491783644479475
18609191940988822220653298843924824050
19938419936773738093557105904205168625
21267647932558653966460912964485513200
22596875928343569839364720024765857775
23926103924128485712268527085046202350
25255331919913401585172334145326546925
26584559915698317458076141205606891500
27913787911483233330979948265887236075
29243015907268149203883755326167580650
30572243903053065076787562386447925225
31901471898837980949691369446728269800
33230699894622896822595176507008614375
34559927890407812695498983567288958950
35889155886192728568402790627569303525
37218383881977644441306597687849648100
38547611877762560314210404748129992675
39876839873547476187114211808410337250
41206067869332392060018018868690681825
42535295865117307932921825928971026400
