42535295865117307932921825928971026431
85070591730234615865843651857942052862
127605887595351923798765477786913079293
170141183460469231731687303715884105724
212676479325586539664609129644855132155
255211775190703847597530955573826158586
297747071055821155530452781502797185017
340282366920938463463374607431768211448
382817662786055771396296433360739237879
425352958651173079329218259289710264310
467888254516290387262140085218681290741
510423550381407695195061911147652317172
552958846246525003127983737076623343603
595494142111642311060905563005594370034
638029437976759618993827388934565396465
680564733841876926926749214863536422896
723100029706994234859671040792507449327
765635325572111542792592866721478475758
808170621437228850725514692650449502189
850705917302346158658436518579420528620
893241213167463466591358344508391555051
935776509032580774524280170437362581482
978311804897698082457201996366333607913
1020847100762815390390123822295304634344
1063382396627932698323045648224275660775
1105917692493050006255967474153246687206
1148452988358167314188889300082217713637
1190988284223284622121811126011188740068
1233523580088401930054732951940159766499
1276058875953519237987654777869130792930
1318594171818636545920576603798101819361
1361129467683753853853498429727072845792
