1361129467683753853853498429727072845823
2722258935367507707706996859454145691646
4083388403051261561560495289181218537469
5444517870735015415413993718908291383292
6805647338418769269267492148635364229115
8166776806102523123120990578362437074938
9527906273786276976974489008089509920761
10889035741470030830827987437816582766584
12250165209153784684681485867543655612407
13611294676837538538534984297270728458230
14972424144521292392388482726997801304053
16333553612205046246241981156724874149876
17694683079888800100095479586451946995699
19055812547572553953948978016179019841522
20416942015256307807802476445906092687345
21778071482940061661655974875633165533168
