35184372088831
70368744177662
105553116266493
140737488355324
175921860444155
211106232532986
246290604621817
281474976710648
316659348799479
351843720888310
387028092977141
422212465065972
457396837154803
492581209243634
527765581332465
562949953421296
598134325510127
633318697598958
668503069687789
703687441776620
738871813865451
774056185954282
809240558043113
844424930131944
879609302220775
914793674309606
949978046398437
985162418487268
1020346790576099
1055531162664930
1090715534753761
1125899906842592
