1125899906842623
2251799813685246
3377699720527869
4503599627370492
5629499534213115
6755399441055738
7881299347898361
9007199254740984
10133099161583607
11258999068426230
12384898975268853
13510798882111476
14636698788954099
15762598695796722
16888498602639345
18014398509481968
19140298416324591
20266198323167214
21392098230009837
22517998136852460
23643898043695083
24769797950537706
25895697857380329
27021597764222952
28147497671065575
29273397577908198
30399297484750821
31525197391593444
32651097298436067
33776997205278690
34902897112121313
36028797018963936
