36028797018963967
72057594037927934
108086391056891901
144115188075855868
180143985094819835
216172782113783802
252201579132747769
288230376151711736
324259173170675703
360287970189639670
396316767208603637
432345564227567604
468374361246531571
504403158265495538
540431955284459505
576460752303423472
612489549322387439
648518346341351406
684547143360315373
720575940379279340
756604737398243307
792633534417207274
828662331436171241
864691128455135208
900719925474099175
936748722493063142
972777519512027109
1008806316530991076
1044835113549955043
1080863910568919010
1116892707587882977
1152921504606846944
