1152921504606846975
2305843009213693950
3458764513820540925
4611686018427387900
5764607523034234875
6917529027641081850
8070450532247928825
9223372036854775800
10376293541461622775
11529215046068469750
12682136550675316725
13835058055282163700
14987979559889010675
16140901064495857650
17293822569102704625
18446744073709551600
19599665578316398575
20752587082923245550
21905508587530092525
23058430092136939500
24211351596743786475
25364273101350633450
26517194605957480425
27670116110564327400
28823037615171174375
29975959119778021350
31128880624384868325
32281802128991715300
33434723633598562275
34587645138205409250
35740566642812256225
36893488147419103200
