36893488147419103231
73786976294838206462
110680464442257309693
147573952589676412924
184467440737095516155
221360928884514619386
258254417031933722617
295147905179352825848
332041393326771929079
368934881474191032310
405828369621610135541
442721857769029238772
479615345916448342003
516508834063867445234
553402322211286548465
590295810358705651696
627189298506124754927
664082786653543858158
700976274800962961389
737869762948382064620
774763251095801167851
811656739243220271082
848550227390639374313
885443715538058477544
922337203685477580775
959230691832896684006
996124179980315787237
1033017668127734890468
1069911156275153993699
1106804644422573096930
1143698132569992200161
1180591620717411303392
