1180591620717411303423
2361183241434822606846
3541774862152233910269
4722366482869645213692
5902958103587056517115
7083549724304467820538
8264141345021879123961
9444732965739290427384
10625324586456701730807
11805916207174113034230
12986507827891524337653
14167099448608935641076
15347691069326346944499
16528282690043758247922
17708874310761169551345
18889465931478580854768
20070057552195992158191
21250649172913403461614
22431240793630814765037
23611832414348226068460
24792424035065637371883
25973015655783048675306
27153607276500459978729
28334198897217871282152
29514790517935282585575
30695382138652693888998
31875973759370105192421
33056565380087516495844
34237157000804927799267
35417748621522339102690
36598340242239750406113
37778931862957161709536
