37778931862957161709567
75557863725914323419134
113336795588871485128701
151115727451828646838268
188894659314785808547835
226673591177742970257402
264452523040700131966969
302231454903657293676536
340010386766614455386103
377789318629571617095670
415568250492528778805237
453347182355485940514804
491126114218443102224371
528905046081400263933938
566683977944357425643505
604462909807314587353072
642241841670271749062639
680020773533228910772206
717799705396186072481773
755578637259143234191340
793357569122100395900907
831136500985057557610474
868915432848014719320041
906694364710971881029608
944473296573929042739175
982252228436886204448742
1020031160299843366158309
1057810092162800527867876
1095589024025757689577443
1133367955888714851287010
1171146887751672012996577
1208925819614629174706144
