1208925819614629174706175
2417851639229258349412350
3626777458843887524118525
4835703278458516698824700
6044629098073145873530875
7253554917687775048237050
8462480737302404222943225
9671406556917033397649400
10880332376531662572355575
12089258196146291747061750
13298184015760920921767925
14507109835375550096474100
15716035654990179271180275
16924961474604808445886450
18133887294219437620592625
19342813113834066795298800
20551738933448695970004975
21760664753063325144711150
22969590572677954319417325
24178516392292583494123500
25387442211907212668829675
26596368031521841843535850
27805293851136471018242025
29014219670751100192948200
30223145490365729367654375
31432071309980358542360550
32640997129594987717066725
33849922949209616891772900
35058848768824246066479075
36267774588438875241185250
37476700408053504415891425
38685626227668133590597600
