38685626227668133590597631
77371252455336267181195262
116056878683004400771792893
154742504910672534362390524
193428131138340667952988155
232113757366008801543585786
270799383593676935134183417
309485009821345068724781048
348170636049013202315378679
386856262276681335905976310
425541888504349469496573941
464227514732017603087171572
502913140959685736677769203
541598767187353870268366834
580284393415022003858964465
618970019642690137449562096
657655645870358271040159727
696341272098026404630757358
735026898325694538221354989
773712524553362671811952620
812398150781030805402550251
851083777008698938993147882
889769403236367072583745513
928455029464035206174343144
967140655691703339764940775
1005826281919371473355538406
1044511908147039606946136037
1083197534374707740536733668
1121883160602375874127331299
1160568786830044007717928930
1199254413057712141308526561
1237940039285380274899124192
