1237940039285380274899124223
2475880078570760549798248446
3713820117856140824697372669
4951760157141521099596496892
6189700196426901374495621115
7427640235712281649394745338
8665580274997661924293869561
9903520314283042199192993784
11141460353568422474092118007
12379400392853802748991242230
13617340432139183023890366453
14855280471424563298789490676
16093220510709943573688614899
17331160549995323848587739122
18569100589280704123486863345
19807040628566084398385987568
21044980667851464673285111791
22282920707136844948184236014
23520860746422225223083360237
24758800785707605497982484460
25996740824992985772881608683
27234680864278366047780732906
28472620903563746322679857129
29710560942849126597578981352
30948500982134506872478105575
32186441021419887147377229798
33424381060705267422276354021
34662321099990647697175478244
35900261139276027972074602467
37138201178561408246973726690
38376141217846788521872850913
39614081257132168796771975136
